94455.0
57505.0
20555.0
36840.0
53125.0
36840.0
53125.0
36840.0
53125.0
36840.0
53125.0
36840.0
53125.0
36840.0
53125.0
37570.5
22120.0
37622.5
22120.0
22068.0
22120.0
31815.0
41510.0
52252.5
60445.0
52252.5
41510.0
52252.5
41510.0
52252.5
41510.0
39168.5
41510.0
39168.5
41510.0
47317.5
41510.0
47317.5
41510.0
39168.5
41510.0
39168.5
36827.0
39168.5
36827.0
39168.5
36827.0
39168.5
41510.0
44245.5
46981.0
44245.5
41510.0
44245.5
41510.0
44245.5
46981.0
49140.0
51299.0
49140.0
46981.0
49140.0
51299.0
49140.0
46981.0
49140.0
46981.0
49140.0
48240.0
47610.5
46981.0
46412.0
45843.0
45663.5
45484.0
45663.5
45843.0
46412.0
46981.0
46412.0
45843.0
44544.0
45843.0
44544.0
45843.0
44544.0
45843.0
44544.0
45843.0
44544.0
43245.0
44364.5
45484.0
45327.0
45484.0
45327.0
45170.0
44585.5
45170.0
45327.0
45484.0
45327.0
45170.0
44207.5
45170.0
45327.0
45170.0
44585.5
44001.0
44585.5
45170.0
45327.0
45484.0
45663.5
45484.0
45663.5
45843.0
46412.0
45843.0
46412.0
45843.0
46412.0
45843.0
46412.0
46981.0
51221.0
55461.0
47300.5
46981.0
47300.5
47620.0
47930.0
47620.0
47300.5
46981.0
47300.5
47620.0
47610.5
46981.0
46412.0
45843.0
46412.0
46981.0
46412.0
46981.0
47610.5
48240.0
51705.0
48240.0
51087.5
55170.0
51365.0
55170.0
51705.0
55170.0
51705.0
55170.0
51850.5
55461.0
50682.5
48240.0
50682.5
48240.0
46862.0
45484.0
46862.0
45484.0
46862.0
48240.0
49132.0
50024.0
54498.5
60757.0
53132.0
58644.0
46552.0
45484.0
46862.0
48240.0
46862.0
48240.0
46862.0
48240.0
47900.0
48240.0
47900.0
48240.0
47900.0
48240.0
48633.5
49027.0
49525.5
50024.0
49525.5
49027.0
49525.5
50024.0
50667.0
51310.0
51399.5
51489.0
54056.0
56623.0
54056.0
53361.0
54056.0
56623.0
52307.0
53125.0
54874.0
53125.0
52307.0
53125.0
54874.0
56623.0
54957.0
53125.0
54957.0
56789.0
55075.0
56789.0
55851.0
56789.0
55851.0
56789.0
55578.5
56181.0
55578.5
54976.0
54944.5
54913.0
54944.5
54913.0
54019.0
53125.0
53373.5
53622.0
54267.5
53622.0
54267.5
54913.0
54267.5
54913.0
54267.5
54913.0
55248.5
54913.0
55248.5
54913.0
54267.5
53622.0
53373.5
53622.0
54267.5
54913.0
56597.0
54913.0
56597.0
54913.0
54267.5
53622.0
54267.5
53622.0
54267.5
53622.0
53373.5
53622.0
53491.5
53361.0
53243.0
53361.0
53491.5
53622.0
54267.5
53622.0
53491.5
53361.0
53491.5
53361.0
53491.5
53622.0
53931.0
54240.0
54576.5
54240.0
54576.5
54240.0
54576.5
54913.0
56597.0
54913.0
56597.0
54913.0
54576.5
54913.0
56597.0
54913.0
56597.0
58281.0
56628.5
58281.0
58335.0
58389.0
57589.0
58389.0
57589.0
58389.0
57589.0
58389.0
57535.0
58281.0
56365.5
56789.0
56365.5
56789.0
56365.5
56789.0
56365.5
56789.0
56365.5
56789.0
56365.5
56789.0
55709.5
55958.0
55688.0
55792.0
55867.0
55942.0
55867.0
55942.0
55626.5
55792.0
55867.0
55792.0
55626.5
55792.0
55867.0
55792.0
55701.5
55461.0
55763.0
55942.0
55556.0
55942.0
55556.0
55942.0
55377.0
55584.0
55501.5
55833.0
55315.5
55461.0
55701.5
55461.0
55701.5
55461.0
55315.5
55170.0
55315.5
55461.0
55315.5
55170.0
54411.0
53652.0
54307.5
53652.0
53637.0
53622.0
51810.5
49999.0
51825.5
49999.0
51680.0
53361.0
53506.5
53361.0
53243.0
53361.0
53243.0
53125.0
53388.5
53125.0
54050.5
54976.0
53388.5
53125.0
54019.0
54913.0
53506.5
53652.0
53506.5
53361.0
52467.0
51573.0
51441.5
51310.0
52335.5
51310.0
53136.5
54963.0
51399.5
51489.0
51399.5
51489.0
52570.5
53652.0
53637.0
53622.0
52555.5
51489.0
50849.5
50210.0
52225.0
54240.0
51113.5
52017.0
51113.5
52017.0
49618.5
49027.0
50296.5
51566.0
50888.0
51566.0
49952.5
48339.0
49890.0
48339.0
49890.0
48339.0
49914.0
48339.0
48289.5
48240.0
48289.5
48240.0
49906.5
51573.0
50800.5
53361.0
52425.0
53361.0
52425.0
53361.0
51531.0
51573.0
51531.0
51489.0
52307.0
53125.0
52307.0
53125.0
52218.0
52863.0
49983.0
51573.0
50891.5
51573.0
51795.0
51573.0
51795.0
51573.0
51795.0
52017.0
52392.0
52767.0
53194.5
52767.0
52392.0
52767.0
52392.0
52767.0
52392.0
52017.0
52392.0
52017.0
51795.0
51573.0
51795.0
51573.0
51795.0
51573.0
51795.0
51573.0
51795.0
51573.0
51795.0
51573.0
51310.0
51573.0
51795.0
51573.0
51310.0
51573.0
51795.0
51573.0
51310.0
51573.0
51795.0
52017.0
52392.0
52017.0
51795.0
52017.0
52392.0
52017.0
51795.0
52017.0
51795.0
51573.0
51470.5
51368.0
51470.5
51573.0
51470.5
51573.0
51470.5
51368.0
51207.5
51368.0
51207.5
51047.0
51207.5
51047.0
51207.5
51047.0
51310.0
51047.0
51310.0
51573.0
51795.0
51573.0
51795.0
52017.0
51795.0
52017.0
52366.5
52716.0
52366.5
52017.0
52366.5
52716.0
52741.5
52767.0
53064.0
53361.0
53181.0
52767.0
52741.5
52716.0
50975.0
49234.0
50140.5
51047.0
51881.5
51047.0
51532.0
52017.0
50386.0
48755.0
50386.0
52017.0
51833.5
52017.0
51833.5
52017.0
52366.5
52716.0
52741.5
52716.0
52366.5
52716.0
52392.0
52767.0
52392.0
52767.0
52815.0
52863.0
52946.0
52767.0
52571.0
52017.0
52571.0
53125.0
51658.0
52017.0
52392.0
52767.0
52946.0
53125.0
53127.5
53125.0
52948.5
53130.0
52815.0
52767.0
52440.0
52863.0
52500.0
52017.0
51068.5
52017.0
52500.0
52017.0
52500.0
52017.0
51068.5
50120.0
50846.5
51573.0
50583.5
51047.0
50583.5
51047.0
50885.0
51650.0
50885.0
51650.0
50780.5
51441.0
50780.5
51441.0
51244.0
51441.0
51375.5
51310.0
51176.0
51042.0
49690.5
51042.0
49690.5
51042.0
49690.5
48339.0
49690.5
48339.0
49690.5
48339.0
48581.0
48339.0
48581.0
48339.0
49690.5
48339.0
49994.5
51650.0
49824.5
48339.0
49890.0
48339.0
48494.0
48649.0
48962.5
49276.0
48962.5
49276.0
49255.0
49276.0
49255.0
49234.0
50400.0
51566.0
51465.0
51489.0
50358.5
49276.0
50203.5
49276.0
48962.5
49276.0
48962.5
48649.0
49890.0
48649.0
50045.0
51441.0
51507.0
51441.0
51507.0
51573.0
51465.0
51441.0
51375.5
51441.0
51375.5
51441.0
51465.0
51489.0
52128.0
51489.0
52128.0
51489.0
52128.0
52767.0
52128.0
52767.0
52128.0
52767.0
52309.5
51489.0
51428.5
51489.0
52309.5
51489.0
51428.5
51368.0
51339.0
51310.0
51375.5
51441.0
51375.5
51441.0
51339.0
51310.0
51339.0
51310.0
49824.5
48339.0
49735.0
51131.0
51220.5
51131.0
51089.0
51131.0
51220.5
51131.0
51220.5
51131.0
51089.0
51131.0
51220.5
51310.0
51220.5
51310.0
51399.5
51310.0
51399.5
51489.0
51375.5
51441.0
51339.0
51310.0
51220.5
51131.0
51089.0
51047.0
51089.0
51047.0
50906.5
50766.0
51032.5
51299.0
50133.5
49501.0
50133.5
50142.0
49821.5
49501.0
50133.5
50766.0
50906.5
50766.0
50133.5
49501.0
50133.5
50766.0
50133.5
50766.0
50133.5
50766.0
50133.5
49501.0
50133.5
50766.0
50906.5
50766.0
50906.5
51047.0
51089.0
51131.0
51089.0
51047.0
51089.0
51131.0
51089.0
51047.0
50906.5
50766.0
50000.0
49234.0
48200.5
47167.0
48200.5
47167.0
47086.0
47005.0
48253.0
49501.0
48443.0
49881.0
49286.5
51568.0
50215.0
51568.0
50401.0
51568.0
50271.5
51042.0
50680.5
51042.0
50680.5
51042.0
50461.5
51042.0
50461.5
51042.0
50904.0
50319.0
50219.5
50319.0
50904.0
50319.0
50904.0
50319.0
50904.0
50319.0
50904.0
50319.0
50904.0
50319.0
50904.0
51489.0
50904.0
51489.0
51507.5
51526.0
51528.5
51489.0
51528.5
51568.0
51528.5
51489.0
51528.5
51489.0
51528.5
51489.0
50904.0
51489.0
50809.0
50319.0
50809.0
51299.0
51173.0
51299.0
50809.0
50319.0
50809.0
50319.0
50219.5
50120.0
49810.5
49501.0
48365.0
47229.0
48365.0
47229.0
48479.0
49729.0
49615.0
49729.0
49615.0
49729.0
49615.0
49729.0
49615.0
49729.0
49615.0
49729.0
50430.0
51131.0
50594.5
51131.0
50594.5
51131.0
50594.5
51131.0
50594.5
51131.0
49893.5
49729.0
49893.5
50058.0
49893.5
49729.0
49378.0
49027.0
49378.0
49729.0
49893.5
49729.0
49893.5
50058.0
49893.5
49729.0
49893.5
49729.0
49924.5
49729.0
50430.0
49729.0
50430.0
51035.0
50247.5
49729.0
49608.0
49487.0
49814.5
50142.0
50267.0
51047.0
49743.0
49999.0
49494.0
49501.0
49615.0
49501.0
49615.0
49501.0
49615.0
49501.0
49810.5
50120.0
50948.5
51131.0
50382.5
50766.0
50382.5
50766.0
50515.5
51032.0
50515.5
51032.0
50783.5
51568.0
50844.0
51568.0
50844.0
51568.0
50855.0
51568.0
50131.0
50142.0
50896.0
50142.0
50896.0
50142.0
50896.0
51650.0
51341.0
51650.0
51208.0
51650.0
50899.0
51032.0
50899.0
51032.0
51341.0
51032.0
51341.0
51650.0
52316.5
51650.0
51341.0
51650.0
51342.5
51650.0
51342.5
51650.0
51608.0
51650.0
51300.5
51566.0
52009.0
52983.0
51038.5
51035.0
51033.5
51032.0
50899.0
50766.0
50899.0
51032.0
51033.5
51035.0
51083.0
51035.0
51083.0
51035.0
51083.0
